# oST version 5.0 parameters


[image]

width
1280

height
720

[narrow_stereo]

camera matrix
914.030823 0.000000 640.323000
0.000000 914.052782 358.894159
0.000000 0.000000 1.000000

distortion
0.000134 0.001144 -0.000043 0.000256 0.000000

rectification
1.000000 0.000000 0.000000
0.000000 1.000000 0.000000
0.000000 0.000000 1.000000

projection
913.858032 0.000000 640.201029 0.000000
0.000000 913.620789 358.358988 0.000000
0.000000 0.000000 1.000000 0.000000
